lr_decay_factor: 0.9592211172300772
lr_initial: 0.7497137618164946
lr_power: 1.9953290436878373
opt_momentum: 0.5354410041277097
