lr_decay_factor: 0.622849124979456
lr_initial: 0.608303433707149
lr_power: 1.1229879214833756
opt_momentum: 0.5308534622380218
