lr_decay_factor: 0.01310044922105158
lr_initial: 0.0005987022892062964
lr_power: 0.5813381762976162
opt_momentum: 0.00038250476119943355
