lr_decay_factor: 0.9591874793064925
lr_initial: 0.7493585074587606
lr_power: 1.9952638010588797
opt_momentum: 0.5352618837352752
