alpha: 0.8944683721611184
s: 9.157872340365074
