alpha: 0.13036849903852987
s: 0.0002233811326863863
