alpha: 0.7611243108670943
s: 0.0013863737426921619
