lr_decay_factor: 0.9191626892926928
lr_initial: 0.7355046013888631
lr_power: 0.8340609211371532
opt_momentum: 0.011610983798935548
