lr_decay_factor: 0.02750578662393284
lr_initial: 9.171140539592606e-05
lr_power: 0.9623540722362445
opt_momentum: 0.15833076100842589
