lr_decay_factor: 0.9032770535598946
lr_initial: 1.5330198549904588
lr_power: 1.617909577744469
opt_momentum: 0.02138612242427323
