lr_decay_factor: 0.9033107100391297
lr_initial: 1.5337465997064472
lr_power: 1.6179748352523093
opt_momentum: 0.02139327909049156
