Activation: Mish
LearningRate: 0.1365536681034864
N: 5
Op1: 1
Op2: 1
Op3: 1
Op4: 0
Op5: 1
Op6: 1
Optimizer: SGD
Resolution: 1.0
TrivialAugment: false
W: 16
WeightDecay: 0.001328273588236166
