Activation: Mish
LearningRate: 0.0017678033990693477
N: 5
Op1: 1
Op2: 3
Op3: 3
Op4: 4
Op5: 3
Op6: 2
Optimizer: SGD
Resolution: 1.0
TrivialAugment: true
W: 16
WeightDecay: 0.002526055582733848
