Activation: ReLU
LearningRate: 0.573470852143091
N: 5
Op1: 2
Op2: 1
Op3: 1
Op4: 1
Op5: 1
Op6: 3
Optimizer: SGD
Resolution: 1.0
TrivialAugment: true
W: 16
WeightDecay: 0.0020149757385476367
