Activation: ReLU
LearningRate: 0.06179398379946004
N: 5
Op1: 3
Op2: 2
Op3: 2
Op4: 2
Op5: 2
Op6: 2
Optimizer: SGD
Resolution: 1.0
TrivialAugment: true
W: 16
WeightDecay: 3.2682776511828534e-05
