batch_size: 354
learning_rate: 0.08948106606056044
max_dropout: 0.33626326888229646
max_units: 1002
momentum: 0.9037835816980713
num_layers: 4
weight_decay: 0.001717743059994396
