batch_size: 362
learning_rate: 0.01360639593125954
max_dropout: 0.4992568235440518
max_units: 356
momentum: 0.9771142385820961
num_layers: 5
weight_decay: 0.003803075526786107
