lr_decay_factor: 0.9051276395230182
lr_initial: 0.11126307957322526
lr_power: 0.7838853098472763
opt_momentum: 0.23157607321595466
