lr_decay_factor: 0.9050940324121219
lr_initial: 0.11121027711665547
lr_power: 0.7838200610331019
opt_momentum: 0.23149860432457467
