lr_decay_factor: 0.017500336564613913
lr_initial: 1.4734040160611985e-05
lr_power: 1.9609629235855506
opt_momentum: 0.0011927245120390679
