lr_decay_factor: 0.3569360002325058
lr_initial: 0.09659874081443617
lr_power: 0.9032362614864815
opt_momentum: 0.00041398924157423666
