X_0: 0.13609044722432947
X_1: 0.5771254472243295
X_2: 0.8740234472243296
