X_0: 0.04154300161125146
X_1: 0.5609019278138103
X_2: 0.97447101011777
