X_0: 0.114614
X_1: 0.555649
X_2: 0.852547
