X_0: 0.11805023155589271
X_1: 0.5590852315558926
X_2: 0.8559832315558927
