X_0: 0.948113477702668
X_1: 0.9928311467567525
X_2: 0.01720182551910554
