X_0: 0.11998311180608237
X_1: 0.5610181118060823
X_2: 0.8579161118060824
