X_0: 0.2051262315558927
X_1: 0.15344723155589274
X_2: 0.48031023155589275
X_3: 0.27876823155589275
X_4: 0.3150882315558927
X_5: 0.6607362315558927
