X_0: 0.20169
X_1: 0.150011
X_2: 0.476874
X_3: 0.275332
X_4: 0.311652
X_5: 0.6573
