X_0: 0.2231664472243295
X_1: 0.1714874472243295
X_2: 0.49835044722432953
X_3: 0.29680844722432953
X_4: 0.3331284472243295
X_5: 0.6787764472243295
