X_0: 0.3154000799605725
X_1: 0.6004901988484934
X_2: 0.4032154562465201
X_3: 0.2693617148817701
X_4: 0.329070902100713
X_5: 0.5193185906385807
