X_0: 0.8898550169655478
X_1: 0.7108501444640879
X_2: 0.020121114137669482
X_3: 0.9493659283687782
X_4: 0.934022255307976
X_5: 0.9719539494692392
