X_0: 0.20705911180608239
X_1: 0.15538011180608238
X_2: 0.48224311180608237
X_3: 0.28070111180608237
X_4: 0.31702111180608233
X_5: 0.6626691118060823
