alpha: 0.05399260178243559
num.impute.selected.cpo: impute.hist
s: 0.05021478267764358
