alpha: 0.3172971213864625
num.impute.selected.cpo: impute.hist
s: 0.008560484238867369
