alpha: 0.35428933697006626
num.impute.selected.cpo: impute.mean
s: 0.015002629748723613
