alpha: 0.829666206412493
num.impute.selected.cpo: impute.median
s: 221.62565586174279
