alpha: 0.8944683721611184
num.impute.selected.cpo: impute.hist
s: 0.00613767183133691
