alpha: 0.27086737345794765
num.impute.selected.cpo: impute.median
s: 0.052010818043028935
