alpha: 0.2125827352762889
num.impute.selected.cpo: impute.hist
s: 0.01314137736147457
