alpha: 0.053466612605812425
num.impute.selected.cpo: impute.median
s: 0.8544067015855853
