alpha: 0.12271037169834431
num.impute.selected.cpo: impute.hist
s: 0.001832806239496645
