alpha: 0.3159298144786262
num.impute.selected.cpo: impute.mean
s: 0.0012243646446708416
