alpha: 0.8636479177442672
num.impute.selected.cpo: impute.mean
s: 808.2507989806422
