lr_decay_factor: 0.015448659108870735
lr_initial: 1.2001160852380053e-05
lr_power: 1.7817862745705706
opt_momentum: 0.07429246009259058
