lr_decay_factor: 0.8925293387547224
lr_initial: 0.1411582970060042
lr_power: 0.13488563292612885
opt_momentum: 0.7211324664498623
