lr_decay_factor: 0.8924957137466505
lr_initial: 0.14109139087187653
lr_power: 0.13482040749185742
opt_momentum: 0.7208910630621099
