lr_decay_factor: 0.9180409591725707
lr_initial: 0.74003761381631
lr_power: 0.833900345662287
opt_momentum: 0.011575976527407267
