lr_decay_factor: 0.613977253906848
lr_initial: 0.3713545670811219
lr_power: 0.8699881070924409
opt_momentum: 0.04001056126988756
