lr_decay_factor: 0.5570988509669806
lr_initial: 0.01750077848365775
lr_power: 0.21862565387375751
opt_momentum: 0.9989940217
