lr_decay_factor: 0.08142470785522886
lr_initial: 0.31934923342178984
lr_power: 1.2629326403875438
opt_momentum: 0.6993032025139723
