lr_decay_factor: 0.5394426648669914
lr_initial: 0.009510499232874413
lr_power: 0.18437162615371416
opt_momentum: 0.9860435694464488
